-1.94921
-1.82307
-0.660503
0.149876
1.48313
-0.20595
0.0807512
0.292682
-0.999508
0.365918
0.385481
-1.54973
1.78877
0.439441
-0.429487
0.19979
1.89486
-1.14023
1.14531
0.913076
-0.530459
0.0963774
-1.21768
0.562368
1.83263
-1.73057
0.42726
-0.115042
0.0559666
0.852691
0.793792
-0.0511251
0.712454
-0.231199
-0.415105
-1.71288
0.345736
0.813651
0.734087
0.242366
0.118656
-2.2944
0.662713
-0.589655
1.1707
0.686676
1.75783
1.40759
1.32395
0.722579
-0.0469839
0.188681
1.21075
0.93851
2.05382
0.326066
0.296311
0.441194
1.20046
-0.497541
0.641883
-1.16389
-0.757393
0.335929
1.0406
-0.31188
0.509545
-1.8863
0.697454
1.17113
2.3532
-0.941447
-1.79531
0.671298
0.31512
0.162374
-0.116515
0.75779
0.98404
-1.43686
-0.25713
-1.25928
0.594971
0.424023
0.984137
-0.357967
-1.17546
1.15058
-0.534377
0.613197
-1.96434
-0.491539
-1.05611
-0.300572
0.0667566
-1.69225
-0.326238
-0.997324
-1.27562
-0.544642
0.828978
-1.82543
-0.479159
-0.277536
0.306585
0.687573
1.65578
0.542457
-0.0354171
0.879699
0.201145
2.79693
-1.24786
-0.0100564
-1.97546
-0.187525
0.192591
0.906534
0.998397
0.275183
-0.751282
-0.343686
0.143547
1.02698
-2.3472
1.08475
0.500764
-0.228675
-0.255525
-0.562205
0.519196
1.25209
0.210467
1.44451
1.19855
1.06307
-0.102531
0.630059
0.468793
0.739149
-1.81541
-0.0259802
1.01372
-0.111523
0.364505
0.677847
-0.807927
-0.640229
1.36169
0.195538
0.356798
-1.16175
-0.881787
-0.965854
-0.571259
0.116186
0.630726
-0.476908
0.160141
-0.393388
1.53598
0.691671
-0.9972
1.11056
-0.889996
0.29268
-0.416062
-1.27572
-1.78265
0.443371
-0.843157
0.122307
-0.592448
3.28868
0.690558
-1.16563
-0.359935
-1.83385
-0.00786322
0.893141
-0.737926
-0.714551
-0.672786
0.142539
-0.701376
0.172561
0.184154
0.346903
0.470206
-0.948247
-1.58817
-1.22674
-0.0302135
0.271671
0.898002
-0.090336
0.820575
-0.579655
-1.69804
-1.22402
-0.447563
-0.736446
-1.69358
0.55643
0.432981
1.14061
-0.303381
1.07201
-0.243131
-0.0551976
0.392691
-0.197467
-0.71006
1.10167
-0.0107773
-0.804625
2.18558
0.411464
1.05177
-0.633563
0.188535
1.04332
0.481333
-1.11219
-0.406055
-0.73457
0.496812
0.892443
-0.091256
-0.68223
-0.0207799
-0.0439867
0.508479
0.849114
0.66055
-0.490332
0.379356
-0.160946
-0.677053
0.266917
0.249343
-0.895253
1.04853
-0.0745112
1.85477
0.207859
1.33587
1.28274
-0.799493
-0.325265
-1.07725
0.119101
-1.02594
-0.465095
-1.2307
0.834529
-1.10321
-0.139669
1.00073
0.842772
0.639655
0.902152
-1.35956
0.466438
-0.236393
0.61692
1.50565
-1.01726
-0.883101
1.27313
0.627318
-0.804594
0.112111
-0.999067
-1.29071
0.802257
1.15602
-0.710862
0.0736155
1.94512
-1.65837
0.0580731
-2.02299
1.59249
0.314218
1.92172
-1.97313
0.160693
0.0242265
-0.208632
-0.0655724
1.55975
1.11571
2.07354
-2.02282
-0.620886
-0.401852
-0.433865
-1.20986
-0.433768
0.314749
0.786475
0.716162
0.85627
-0.090603
1.93873
0.657023
1.79697
-1.36705
-0.0301387
-1.89444
-0.0562607
-0.485214
0.0635805
-0.792314
0.527715
-0.293821
-1.20502
0.257623
-0.104411
1.26434
0.303285
0.300812
2.25121
1.54698
0.172234
-0.761449
0.979535
-0.199906
0.262535
-0.760212
-0.551407
-0.676751
1.9455
0.030537
0.123909
-0.92562
-0.129312
2.32127
0.157307
1.56753
1.45607
-0.804693
0.0330067
-0.418705
-0.0239322
-1.12657
0.542703
0.279069
-0.543899
0.486283
-1.39797
-0.0426739
-0.79125
-0.720255
-1.38612
-0.44647
-0.8124
0.165226
-0.247753
-0.892143
1.20354
0.148946
-0.0683573
-0.056399
-1.39707
0.492099
0.0531044
-0.449106
0.941398
-0.614155
-0.0428594
0.73563
0.501275
-1.0239
-0.62814
-2.16733
0.752829
0.45272
1.1948
-0.571776
-0.809898
0.989489
0.631192
2.29668
1.5419
1.18278
0.304114
0.355468
1.06333
-0.441954
-2.03537
-0.226304
1.90575
1.2971
0.359763
-0.597534
0.422644
0.919749
0.0960876
-0.0332433
0.395773
0.0757331
-0.432661
0.654
-0.258463
-1.03346
-0.108408
0.828594
-0.476157
1.35213
0.447289
0.912168
-1.42556
-1.18226
-2.42187
-1.14364
-0.610419
0.0359508
1.459
0.40906
1.39137
-0.436345
-1.86097
-1.29727
0.683808
-0.535204
0.408038
-0.31879
0.756857
-1.31486
2.0599
0.224991
0.802151
0.529354
-0.902439
-1.75741
-1.40795
-0.138655
-0.353893
0.0771478
-0.805603
0.447308
0.30973
0.214137
0.566706
1.33001
-0.438078
0.921262
0.492566
-0.957787
0.281231
0.363328
-0.61916
-0.875418
-2.03554
0.739648
0.23922
-1.52289
0.669596
-0.572685
-1.53712
1.68377
0.017559
1.47667
0.770456
-0.969193
-1.01389
0.380651
-0.0454702
-1.55273
-0.756865
1.18568
0.768098
0.756723
-0.0086719
1.32128
1.09996
-0.0858323
-1.11447
0.638432
0.395234
0.174545
0.457403
1.72439
-1.34128
-0.338413
-0.180361
0.875523
1.19774
-0.851981
0.227395
-0.698694
-1.14375
1.6481
-0.384847
0.651761
1.34879
-0.186685
-1.08929
-0.342285
-0.647537
0.241964
-1.86941
-1.11921
-0.759138
-0.195878
-1.38565
-1.60697
-0.968651
-1.03587
-0.0612563
0.22469
0.94957
0.263598
0.338995
1.14054
0.990148
-1.26089
-1.58093
0.0136824
0.0339722
0.297804
0.0585377
1.1759
0.257166
-0.533432
0.398242
2.44509
1.91598
0.25287
1.7298
0.00785808
0.199609
0.301257
-0.0869132
-0.474735
0.593432
-0.908006
0.27166
0.504301
0.658808
-1.77826
0.901219
-0.705822
-0.067642
-0.0626596
-0.0327709
-2.19277
0.832596
-0.50587
0.630211
-0.292524
0.0335905
-1.77873
0.822878
0.304839
1.07025
0.277412
0.804947
-2.11896
1.48666
1.90696
-0.748545
0.04374
-1.60989
-0.675627
3.46785
1.02027
0.906321
-0.596782
0.0648752
-0.0377185
-1.13113
-0.0485886
0.62344
0.688611
-0.366784
-0.369204
0.482026
0.917123
1.08534
0.320967
-0.897675
0.547796
-0.646881
0.696233
-0.183919
0.646168
1.64568
-1.48128
0.0209055
0.0623721
0.777225
0.171852
-0.926116
0.11104
0.542827
1.19095
-1.61352
0.275525
-0.21725
-0.20078
-1.56543
-0.0489048
-1.43332
0.949483
-0.0620146
-2.48973
-1.6444
-0.544618
0.554102
-0.860166
-0.726812
-1.29703
-0.0745184
-0.902963
0.45757
0.395788
0.1545
-0.186153
-0.953395
-0.389569
0.929156
0.216466
-0.94155
-0.556745
-1.31277
2.01319
-0.0324131
0.768617
-2.14209
1.18765
-0.79593
-2.11975
1.01653
-1.44965
0.00971191
0.214008
-2.13526
1.83886
1.43103
-0.461424
0.0821627
0.0561005
-0.241182
1.97396
0.743222
-0.246083
-0.256642
0.698773
0.10456
1.06689
-1.77774
-0.0912127
0.332021
0.247395
1.51755
0.888432
0.223577
0.692618
0.328112
1.53601
0.543327
-0.469758
-0.889023
0.843835
1.31167
-0.314512
0.947165
-1.40364
0.255429
-0.638375
-0.323001
0.22114
1.43154
0.361478
1.05281
-0.60664
-0.115551
-0.693389
0.142803
-0.44618
-1.18978
0.179349
0.540791
0.634698
-1.22551
0.553279
0.642076
-1.13005
-0.198864
0.0168842
-0.615784
0.208704
-0.208194
0.469206
-1.82852
-0.496612
-1.33843
-0.038568
-0.22571
0.612053
-1.65414
1.40049
0.101313
-0.475229
1.96301
-0.126407
0.344177
0.384413
-0.338361
-0.777889
0.157115
-0.292169
0.17038
-1.46361
0.368529
0.792172
0.328546
-0.60802
0.644237
1.25612
1.31888
2.01941
0.339409
0.462939
0.560867
0.25703
-0.911704
-0.078987
-0.952995
-0.367424
-0.754786
-1.55473
0.182364
0.158329
0.206345
0.811591
0.222766
-0.0699267
-0.182886
0.42353
-1.09003
-0.0669268
-0.234103
0.215333
-1.59415
1.40943
-1.12287
-0.309769
0.542161
1.30601
-0.274594
0.927544
0.769452
-0.821752
1.91383
-0.392607
1.76874
-0.495838
1.33794
-0.0732502
-0.232267
0.135823
1.00682
-0.417313
-2.16658
-0.983013
0.0703875
0.315033
-0.0910626
-1.45643
-0.775589
0.825572
0.0543405
0.940027
-0.00242594
0.436779
0.351559
-1.6342
-0.341014
2.55325
1.13837
0.647723
-1.56332
0.27021
1.18279
0.399958
0.30626
-0.775846
-1.17528
-0.342656
0.375902
-0.388484
0.71645
0.165855
0.73536
-0.624843
-1.89209
0.434328
0.585611
0.873359
-0.434405
0.0759396
0.165035
0.200933
0.110066
-1.01957
0.439301
0.777569
-0.557625
-0.827434
-0.113579
-0.614055
1.11866
0.943649
0.128969
1.46242
-0.158275
1.83581
0.936763
1.89812
-0.996309
-0.456246
-1.10692
-0.990447
-0.649377
0.0961861
-0.220423
1.31444
-0.242381
-0.49857
1.05859
-1.26279
0.0916361
0.431113
1.06233
0.0550462
0.450515
-0.718062
-0.967882
-1.18777
-0.047925
-0.192174
1.25023
0.614363
-0.19923
-0.783698
-1.26027
0.501168
-0.326167
-0.574008
-1.11148
-0.300727
-0.109689
1.08616
0.388277
0.887787
0.209845
-1.12483
-0.157615
-0.0340445
2.32568
0.183116
-0.00512346
-0.471229
0.276344
-0.630666
1.23604
0.253989
-1.58204
-0.794869
-0.198197
-0.0582355
-0.945512
-0.441292
-0.981203
-0.231519
-0.918356
1.65169
-0.620077
0.572143
-0.767714
1.45564
0.721145
-0.608458
-0.246981
1.63278
-0.904223
0.519453
-0.439873
-1.09325
1.62418
1.21188
0.0902218
-1.34351
-0.587873
-0.447503
-0.321782
-0.235837
-0.584174
-1.51443
1.34809
-0.426359
1.66946
-2.55694
-0.209987
0.693684
1.90514
-0.18748
-1.19683
1.80201
0.61745
0.574887
0.660083
-0.333579
0.314124
0.355096
0.356987
0.759199
1.05807
-1.51196
1.58814
1.9347
-0.827546
-0.963497
-1.74596
1.78982
-0.241454
0.936837
1.12226
1.04978
0.167078
0.634834
-0.213366
0.536231
0.690238
0.813225
0.186089
0.837444
0.971255
0.739999
1.0719
-0.64046
0.389476
-1.09512
-2.21034
-1.97037
-0.783098
0.0414526
-0.149071
0.774376
-1.77712
-0.762842
2.02325
-0.202154
0.465169
-0.849975
-0.676729
0.839795
0.451855
-0.945349
-2.87904
0.386608
-1.48209
-0.967761
-0.00563853
-1.25644
-0.664813
-0.812498
-0.0771118
2.02676
-0.0252948
-1.12702
0.405122
-0.522772
0.332113
-0.744027
-1.08689
-0.849917
0.538319
0.299503
-0.101856
-0.0294549
-1.22128
-1.08639
-0.438145
0.918732
-0.667193
-0.713666
-0.367594
-0.966648
0.926193
0.0226819
1.84325
0.324822
1.28504
-0.393567
-1.15977
-0.294852
-1.84227
0.657597
0.588182
0.487211
1.45033
-0.495649
1.18481
0.93333
2.88078
1.37345
-0.556181
-1.52968
0.650383
-0.00838385
1.53166
-0.561499
0.590644
0.905231
-0.193368
0.308576
-0.71454
-1.03804
0.0186812
-0.553108
2.59344
0.489684
0.0892359
0.120698
0.784166
-0.139824
0.704778
-0.166899
-0.983985
0.722624
